2492015
2493385
2494401
2495891
2502336
2508047
2508264
2509433
2509664
2509713
2510187
2511784
2513685
2516384
2519789
2519815
2520155
2522180
2530266
2530478
2531175
2531899
2531994
2532466
2534963
2535923
2537877
2544008
2550797
2551051
2552173
2552223
2552226
2552258
2552311
2552518
2552523
2553188
2553634
2554836
2556340
2556409
2558254
2558448
2558727
2558876
2559056
2559934
2560305
2560711
2560841
2561391
2563034
2563114
2563460
2564480
2564723
2569639
2569705
2571126
2571313
2572577
2572621
2572731
2572779
2572889
2572894
2572950
2573010
2573069
2573126
2573187
2573290
2573317
2573550
2573688
2574825
2574969
2576506
2576523
2576615
2576751
2576862
2577247
2577315
2577374
2577375
2577756
2578130
2578682
2578687
2578699
2578703
2578779
2579057
2579459
2579533
2579788
2580085
2580356
2580379
2580742
2580926
2581417
2581636
2581637
2581801
2582135
2582780
2582850
2582858
2582914
2582976
2582978
2583020
2583027
2583062
2583067
2583068
2583071
2583123
2583125
2583133
2583189
2583297
2583372
2583373
2583411
2583541
2583575
2583692
2583822
2583838
2583924
2583952
2583961
2583967
2584077
2584093
2584199
2584413
2584446
2584451
2584545
2584616
2584775
2584832
2584863
2584868
2584870
2584886
2584890
2584921
2584923
2584925
2585069
2585071
2585072
2585073
2585128
2585170
2585423
2585428
2585524
2585696
2585710
2585712
2585713
2585758
2585870
2586145
2586167
2586267
2586564
2586733
2586787
2586826
2586838
2586905
2586958
2586984
2587006
2587045
2587082
2587162
2587182
2587210
2587227
2587286
2587314
2587382
2587386
2587434
2587449
2587480
2587512
2587521
2587532
2587559
2587566
2587571
2587635
2587640
2587706
2587722
2587723
2587725
2587780
2587782
2587784
2587840
2588019
2588148
2588150
2588159
2588181
2588303
2588380
2588422
2588469
2588518
2588531
2588627
2588639
2588651
2588787
2588828
2588849
2588854
2588861
2588862
2588886
2588888
2588920
2588939
2588994
2588997
2589055
2589129
2589139
2589214
2589318
2589354
2589358
2589360
2589436
2589446
2589447
2589449
2589463
2589471
2589476
2589550
2589598
2589680
2589718
2589811
2589873
2589907
2590014
2590095
2590231
2590292
2590343
2590393
2590499
2590588
2590633
2590646
2590680
2590681
2590724
2590740
2590811
2590837
2590845
2590850
2590891
2590897
2590898
2590909
2590916
2590924
2590951
2590956
2590991
2590999
2591008
2591016
2591028
2591081
2591084
2591085
2591089
2591091
2591138
2591139
2591145
2591147
2591148
2591149
2591216
2591231
2591294
2591351
2591354
2591363
2591375
2591377
2591382
2591384
2591396
2591429
2591439
2591446
2591488
2591541
2591543
2591559
2591587
2591601
2591606
2591630
2591715
2591726
2591727
2591733
2591734
2591750
2591780
2591783
2591862
2591918
2591946
2591980
2591985
2592002
2592016
2592031
2592037
2592133
2592161
2592162
2592218
2592224
2592248
2592273
2592276
2592305
2592321
2592326
2592373
2592393
2592402
2592418
2592437
2592479
2592487
2592489
2592493
2592497
2592541
2592593
2592599
2592656
2592674
2592694
2592725
2592732
2592762
2592803
2592849
2592861
2592866
2592872
2592874
2592884
2592888
2592901
2592916
2592930
2592931
2592938
2592954
2592958
2592961
2592978
2592989
2592992
2592994
2592997
2593034
2593043
2593089
2593098
2593100
2593152
2593155
2593157
2593177
2593247
2593284
2593299
2593300
2593303
2593304
2593305
2593311
2593360
2593453
2593455
2593494
2593507
2593518
2593525
2593526
2593559
2593575
2593577
2593584
2593586
2593606
2593626
2593657
2593664
2593666
2593668
2593675
2593722
2593725
2593726
2593727
2593728
2593747
2593777
2593781
2593784
2593785
2593789
2593812
2593837
2593839
2593840
2593841
2593848
2593872
2593887
2593909
2593910
2593912
2593926
2593979
2593982
2594059
2594076
2594121
2594122
2594192
2594203
2594214
2594245
2594255
2594261
2594301
2594328
2594361
2594387
2594391
2594405
2594408
2594417
2594426
2594497
2594501
2594513
2594537
2594582
2594604
2594616
2594657
2594699
2594743
2594780
2594798
2594801
2594842
2594850
2594916
2594925
2594936
2594940
2594952
2594982
2594986
2594991
2594992
2594994
2594995
2594997
2594998
2594999
2595006
2595007
2595016
2595018
2595019
2595022
2595024
2595026
2595030
2595039
2595043
2595045
2595049
2595055
2595061
2595062
2595076
2595079
2595080
2595081
2595088
2595089
2595090
2595113
2595115
2595117
2595118
2595119
2595122
2595125
2595127
2595148
2595151
2595153
2595162
2595168
2595169
2595170
2595177
2595202
2595203
2595204
2595205
2595207
2595220
2595245
2595246
2595247
2595249
2595255
2595257
2595260
2595262
2595284
2595292
2595293
2595298
2595301
2595306
2595321
2595343
2595344
2595347
2595348
2595350
2595351
2595352
2595353
2595355
2595412
2595413
2595414
2595417
2595464
2595468
2595471
2595472
2595476
2595477
2595510
2595539
2595543
2595545
2595552
2595554
2595555
2595559
2595561
2595569
2595590
2595593
2595595
2595603
2595604
2595609
2595610
2595611
2595613
2595615
2595644
2595655
2595658
2595663
2595668
2595670
2595679
2595697
2595698
2595730
2595732
2595734
2595739
2595758
2595764
2595766
2595769
2595770
2595772
2595775
2595785
2595790
2595796
2595804
2595806
2595807
2595832
2595834
2595837
2595839
2595842
2595843
2595844
2595845
2595846
2595847
2595848
2595849
2595857
2595860
2595864
2595865
2595876
2595877
2595878
2595879
2595880
2595881
2595884
2595895
2595903
2595907
2595910
2595914
2595916
2595918
2595920
2595921
2595922
2595937
2595954
2595955
2595959
2595962
2595963
2595965
2595968
2595969
2595988
2595991
2595992
2596004
2596005
2596006
2596007
2596013
2596015
2596017
2596036
2596037
2596041
2596042
2596054
2596063
2596065
2596066
2596067
2596069
2596070
2596105
2596121
2596128
2596156
2596161
2596163
2596164
2596171
2596176
2596199
2596211
2596221
2596222
2596241
2596247
2596248
2596249
2596319
2596326
2596328
2596335
2596373
2596391
2596400
2596404
2596413
2596423
2596451
2596532
2596537
2596586
2596590
2596602
2596618
2596625
2596629
2596653
2596669
2596690
2596697
2596704
2596706
2596707
2596715
2596718
2596719
2596720
2596755
2596758
2596766
2596794
2596801
2596802
2596803
2596811
2596815
2596833
2596836
2596838
2596842
2596843
2596863
2596925
2596949
2596961
2596962
2596966
2596977
2596986
2596997
2597015
2597017
2597023
2597026
2597027
2597028
2597033
2597037
2597038
2597041
2597045
2597046
2597052
2597065
2597072
2597080
2597083
2597088
2597131
2597132
2597136
2597139
2597141
2597172
2597173
2597185
2597222
2597239
2597278
2597284
2597297
2597305
2597309
2597310
2597313
2597315
2597336
2597345
2597346
2597375
2597376
2597380
2597393
2597395
2597398
2597400
2597402
2597403
2597404
2597408
2597424
2597452
2597464
2597476
2597482
2597492
2597521
2597523
2597527
2597528
2597530
2597536
2597538
2597539
2597540
2597542
2597547
2597585
2597586
2597592
2597593
2597614
2597615
2597645
2597651
2597652
2597654
2597658
2597659
2597660
2597664
2597669
2597670
2597672
2597677
2597704
2597706
2597707
2597712
2597713
2597714
2597739
2597740
2597757
2597758
2597764
2597767
2597773
2597776
2597777
2597778
2597779
2597782
2597783
2597785
2597786
2597791
2597801
2597822
2597832
2597833
2597840
2597841
2597842
2597843
2597847
2597848
2597849
2597850
2597852
2597872
2597889
2597890
2597900
2597904
2597905
2597934
2597969
2597981
2598022
2598024
2598031
2598049
2598082
2598083
2598084
2598100
2598110
2598123
2598126
2598141
2598143
2598166
2598167
2598175
2598208
2598227
2598228
2598231
2598235
2598246
2598256
2598265
2598270
2598278
2598283
2598289
2598290
2598301
2598304
2598317
2598318
2598319
2598325
2598327
2598328
2598329
2598330
2598331
2598333
2598337
2598342
2598351
2598356
2598364
2598372
2598376
2598381
2598389
2598392
2598403
2598405
2598412
2598413
2598424
2598430
2598435
2598446
2598448
2598462
2598463
2598470
2598472
2598474
2598475
2598485
2598486
2598491
2598492
2598496
2598508
2598509
2598516
2598521
2598543
2598548
2598553
2598560
2598570
2598573
2598582
2598595
2598596
2598598
2598602
2598609
2598610
2598613
2598628
2598642
2598653
2598656
2598657
2598660
2598676
2598682
2598700
2598706
2598726
2598729
2598733
2598748
2598766
2598768
2598769
2598778
2598780
2598799
2598800
2598806
2598811
2598814
2598816
2598817
2598824
2598827
2598828
2598848
2598852
2598857
2598870
2598872
2598878
2598879
2598884
2598893
2598904
2598907
2598915
2598916
2598918
2598930
2598935
2598937
2598938
2598947
2598959
2598961
2598962
2598963
2598966
2598969
2598971
2598973
2598974
2598975
2598976
2598977
2598980
2598987
2598988
2598989
2598990
2598993
2598995
2598996
2598999
2599001
2599002
2599003
2599005
2599007
2599008
2599009
2599012
2599015
2599018
2599023
2599024
2599025
2599027
2599029
2599030
2599031
2599032
2599033
2599034
2599041
2599043
2599045
2599048
2599049
2599051
2599053
2599055
2599056
2599059
2599061
2599062
2599064
2599065
2599066
2599068
2599069
2599073
2599076
2599078
2599080
2599081
2599082
2599085
2599086
2599087
2599088
2599089
2599091
2599093
2599094
2599095
2599096
2599098
2599100
2599101
2599103
2599105
2599109
2599111
2599115
2599122
2599123
2599126
2599127
2599129
2599131
2599133
2599134
2599136
2599137
2599138
2599139
2599140
2599141
2599142
2599143
2599144
2599146
2599152
2599153
2599159
2599161
2599165
2599170
2599173
2599175
2599176
2599177
2599179
2599181
2599182
2599183
2599184
2599188
2599195
2599201
2599202
2599203
2599205
2599206
2599207
2599208
2599210
2599213
2599214
2599216
2599217
2599220
2599222
2599227
2599230
2599236
2599245
2599249
2599263
2599264
2599265
2599266
2599267
2599268
2599269
2599270
2599272
2599274
2599275
2599276
2599277
2599278
2599279
2599280
2599282
2599287
2599289
2599290
2599292
2599295
2599297
2599316
2599319
2599323
2599324
2599334
2599335
2599336
2599339
2599340
2599341
2599342
2599343
2599346
2599347
2599352
2599354
2599366
2599373
2599376
2599387
2599389
2599391
2599392
2599393
2599394
2599398
2599399
2599407
2599408
2599412
2599420
2599424
2599443
2599446
2599450
2599455
2599456
2599457
2599462
2599463
2599469
2599470
2599471
2599473
2599474
2599475
2599476
2599477
2599478
2599480
2599482
2599489
2599494
2599495
2599498
2599501
2599502
2599514
2599518
2599528
2599529
2599531
2599539
2599541
2599543
2599544
2599545
2599546
2599552
2599553
2599555
2599556
2599557
2599573
2599582
2599587
2599589
2599592
2599594
2599595
2599596
2599597
2599598
2599599
2599600
2599601
2599605
2599612
2599617
2599618
2599626
2599627
2599628
2599642
2599644
2599646
2599647
2599649
2599650
2599651
2599652
2599653
2599654
2599655
2599657
2599658
2599659
2599660
2599662
2599663
2599664
2599665
2599666
2599667
2599668
2599669
2599670
2599671
2599672
2599673
2599682
2599687
2599688
2599691
2599693
2599698
2599721
2599722
2599723
2599724
2599725
2599726
2599727
2599728
2599729
2599730
2599732
2599735
2599737
2599745
2599753
2599756
2599757
2599776
2599777
2599778
2599779
2599780
2599781
2599782
2599783
2599784
2599785
2599786
2599787
2599789
2599792
2599796
2599800
2599802
2599807
2599825
2599826
2599827
2599828
2599829
2599830
2599831
2599832
2599833
2599834
2599835
2599836
2599838
2599842
2599847
2599848
2599857
2599863
2599864
2599876
2599886
2599887
2599888
2599889
2599890
2599891
2599892
2599893
2599894
2599895
2599901
2599909
2599912
2599939
2599940
2599941
2599951
2599964
2599965
2599968
2599970
2599993
2599995
2599996
2599997
2599999
2600009
2600014
2600015
2600017
2600026
2600049
2600054
2600055
2600056
2600057
2600065
2600067
2600074
2600086
2600097
2600113
2600114
2600115
2600125
2600127
2600130
2600132
2600135
2600139
2600143
2600149
2600153
2600158
2600164
2600166
2600168
2600169
2600170
2600172
2600178
2600180
2600181
2600182
2600186
2600188
2600189
2600190
2600191
2600192
2600193
2600194
2600195
2600197
2600198
2600199
2600200
2600201
2600202
2600203
2600205
2600206
2600207
2600208
2600209
2600212
2600213
2600214
2600215
2600218
2600219
2600220
2600221
2600222
2600223
2600225
2600226
2600227
2600230
2600231
